1 828 832
1 748 832
1 668 832
1 588 832
1 508 832
1 428 832
1 348 832
1 268 832 
1 188 832
1 108 832
1 1100 832
1 1180 832
1 1260 832
1 1340 832
1 1420 832
1 1500 832
1 1580 832 
1 1660 832
1 1740 832
1 1820 832
1 828 1088
1 748 1088
1 668 1088
1 588 1088
1 508 1088
1 428 1088
1 348 1088
1 268 1088
1 188 1088
1 108 1088
1 1100 1088
1 1180 1088
1 1260 1088
1 1340 1088
1 1420 1088
1 1500 1088
1 1580 1088
1 1660 1088
1 1740 1088
1 1820 1088
1 828 752 
1 828 672
1 828 592
1 828 512 
1 828 432
1 828 1168
1 828 1248
1 828 1328
1 828 1408
1 828 1488
1 828 1564
1 828 1648
1 828 1728
1 828 1808
1 1100 752 
1 1100 672
1 1100 592
1 1100 512 
1 1100 432
1 1100 1168
1 1100 1248
1 1100 1328
1 1100 1408
1 1100 1488
1 1100 1564
1 1100 1648
1 1100 1728
1 1100 1808
3 600 1300
4 600 1331
3 632 1300
4 632 1331
3 664 1300
4 664 1331
3 300 1300
4 300 1331
3 332 1300
4 332 1331
3 364 1300
4 364 1331
2 268 1300
2 698 1300
5 268 1332
5 398 1300
6 398 1331
11 2000 2000
7 890 350
8 896 399
9 1030 350
10 1026 399
