30 916 992
30 1016 992
25 1800 1400
26 1752 1336
27 1752 1400
25 1704 1400
26 1656 1400
27 1608 1400
25 1560 1400
26 1512 1400
25 1512 1336
26 1560 1336
27 1656 1336
32 1720 1758
32 1656 1694
32 1016 1758
32 1080 1694
33 996 1790
34 1624 1662
34 1560 1600 
34 1528 1600
34 1592 1662
34 1492 1600 
34 1464 1600
31 1248 1726
31 1376 1726
28 1800 996
28 1736 932
28 1672 868
28 1608 804
28 1544 740
28 1480 676
29 1416 692
29 256 684
35 320 684
35 288 748
28 1016 676
28 1016 612
28 1016 548
29 1016 484
28 1016 420
29 1016 356
28 1016 292 
28 1016 228
102 1020 220
102 1020 348
102 1020 476
102 1020 604
103 1500 1700